19:47:53,N457DM,+0.0000,+0.0000,0,0,0.00,0,0,0,0,0,0,0,0
19:47:54,N457DM,+0.0000,+0.0000,0,0,0.00,0,0,0,0,0,0,0,0
19:47:55,N457DM,+38.6595,-121.3920,31,0,68.57,0,0,0,0,0,0,0,0
19:47:56,N457DM,+38.6596,-121.3920,31,0,68.90,0,0,0,0,0,0,0,0
19:47:57,N457DM,+38.6597,-121.3920,31,0,68.90,0,0,0,0,0,0,0,0
19:47:58,N457DM,+38.6597,-121.3920,31,0,68.90,0,0,0,0,0,0,0,0
19:47:59,N457DM,+38.6599,-121.3920,30,0,68.90,0,0,0,0,0,0,0,0
19:48:00,N457DM,+38.6599,-121.3920,30,0,68.90,0,0,0,0,0,0,0,0
19:48:01,N457DM,+38.6667,-121.3920,28,0,69.22,0,0,0,0,0,0,0,0
19:48:02,N457DM,+38.6667,-121.3920,28,0,69.22,0,0,0,0,0,0,0,0
19:48:03,N457DM,+38.6668,-121.3920,27,0,69.55,0,0,0,0,0,0,0,0
19:48:04,N457DM,+38.6670,-121.3920,25,0,69.22,0,0,0,0,0,0,0,0
19:48:05,N457DM,+38.6670,-121.3920,25,0,69.55,0,0,0,0,0,0,0,0
19:48:06,N457DM,+38.6670,-121.3920,25,0,69.55,0,0,0,0,0,0,0,0
19:48:07,N457DM,+38.6672,-121.3920,25,0,69.55,0,0,0,0,0,0,0,0
19:48:08,N457DM,+38.6672,-121.3920,25,0,69.88,0,0,0,0,0,0,0,0
19:48:09,N457DM,+38.6672,-121.3920,25,0,69.88,0,0,0,0,0,0,0,0
19:48:10,N457DM,+38.6674,-121.3920,25,0,69.88,0,0,0,0,0,0,0,0
19:48:11,N457DM,+38.6674,-121.3920,25,0,70.21,0,0,0,0,0,0,0,0
19:48:12,N457DM,+38.6675,-121.3920,25,0,70.21,0,0,0,0,0,0,0,0
19:48:13,N457DM,+38.6676,-121.3920,26,0,70.54,0,0,0,0,0,0,0,0
19:48:14,N457DM,+38.6676,-121.3920,26,0,70.54,0,0,0,0,0,0,0,0
19:48:15,N457DM,+38.6677,-121.3920,26,0,70.54,0,0,0,0,0,0,0,0
19:48:16,N457DM,+38.6677,-121.3920,26,0,70.54,0,0,0,0,0,0,0,0
19:48:17,N457DM,+38.6678,-121.3920,26,0,70.54,0,0,0,0,0,0,0,0
19:48:18,N457DM,+38.6679,-121.3920,26,0,70.54,0,0,0,0,0,0,0,0
19:48:19,N457DM,+38.6680,-121.3920,26,0,70.54,0,0,0,0,0,0,0,0
19:48:20,N457DM,+38.6680,-121.3920,26,0,70.54,0,0,0,0,0,0,0,0
19:48:21,N457DM,+38.6681,-121.3920,26,0,70.54,0,0,0,0,0,0,0,0
19:48:22,N457DM,+38.6682,-121.3920,26,0,70.54,0,0,0,0,0,0,0,0
19:48:23,N457DM,+38.6683,-121.3920,26,0,70.54,0,0,0,0,0,0,0,0
19:48:24,N457DM,+38.6683,-121.3920,26,0,70.54,0,0,0,0,0,0,0,0
19:48:25,N457DM,+38.6684,-121.3920,26,0,70.21,0,0,0,0,0,0,0,0
19:48:26,N457DM,+38.6685,-121.3920,26,0,70.21,0,0,0,0,0,0,0,0
19:48:27,N457DM,+38.6686,-121.3920,26,0,70.21,0,0,0,0,0,0,0,0
19:48:28,N457DM,+38.6686,-121.3920,27,0,70.21,0,0,0,0,0,0,0,0
19:48:29,N457DM,+38.6687,-121.3920,27,0,70.54,0,0,0,0,0,0,0,0
19:48:30,N457DM,+38.6688,-121.3920,26,0,70.54,0,0,0,0,0,0,0,0
19:48:31,N457DM,+38.6689,-121.3920,26,0,70.54,0,0,0,0,0,0,0,0
19:48:32,N457DM,+38.6689,-121.3920,26,0,70.87,0,0,0,0,0,0,0,0
19:48:33,N457DM,+38.6690,-121.3920,26,0,70.87,0,0,0,0,0,0,0,0
19:48:34,N457DM,+38.6691,-121.3920,27,0,71.19,0,0,0,0,0,0,0,0
19:48:35,N457DM,+38.6692,-121.3920,27,0,71.19,0,0,0,0,0,0,0,0
19:48:36,N457DM,+38.6692,-121.3920,27,0,71.52,0,0,0,0,0,0,0,0
19:48:37,N457DM,+38.6693,-121.3920,27,0,71.52,0,0,0,0,0,0,0,0
19:48:38,N457DM,+38.6694,-121.3920,27,0,71.52,0,0,0,0,0,0,0,0
19:48:39,N457DM,+38.6695,-121.3920,27,0,71.85,0,0,0,0,0,0,0,0
19:48:40,N457DM,+38.6695,-121.3920,27,0,71.85,0,0,0,0,0,0,0,0
19:48:41,N457DM,+38.6696,-121.3920,26,0,71.85,0,0,0,0,0,0,0,0
19:48:42,N457DM,+38.6697,-121.3920,26,0,71.85,0,0,0,0,0,0,0,0
19:48:43,N457DM,+38.6698,-121.3920,26,0,72.18,0,0,0,0,0,0,0,0
19:48:44,N457DM,+38.6698,-121.3920,26,0,72.18,0,0,0,0,0,0,0,0
19:48:45,N457DM,+38.6699,-121.3920,26,0,72.18,0,0,0,0,0,0,0,0
19:48:46,N457DM,+38.6700,-121.3920,26,0,72.18,0,0,0,0,0,0,0,0
19:48:47,N457DM,+38.6701,-121.3920,26,0,72.18,0,0,0,0,0,0,0,0
19:48:48,N457DM,+38.6701,-121.3920,26,0,72.18,0,0,0,0,0,0,0,0
19:48:49,N457DM,+38.6702,-121.3920,26,0,72.18,0,0,0,0,0,0,0,0
19:48:50,N457DM,+38.6703,-121.3920,26,0,72.18,0,0,0,0,0,0,0,0
19:48:51,N457DM,+38.6704,-121.3920,26,0,72.18,0,0,0,0,0,0,0,0
19:48:52,N457DM,+38.6704,-121.3920,26,0,72.18,0,0,0,0,0,0,0,0
19:48:53,N457DM,+38.6705,-121.3920,26,0,72.18,0,0,0,0,0,0,0,0
19:48:54,N457DM,+38.6706,-121.3920,26,0,72.18,0,0,0,0,0,0,0,0
19:48:55,N457DM,+38.6706,-121.3920,26,0,72.18,0,0,0,0,0,0,0,0
19:48:56,N457DM,+38.6707,-121.3920,26,0,72.18,0,0,0,0,0,0,0,0
19:48:57,N457DM,+38.6708,-121.3920,26,0,72.18,0,0,0,0,0,0,0,0
19:48:58,N457DM,+38.6709,-121.3920,26,0,72.18,0,0,0,0,0,0,0,0
19:48:59,N457DM,+38.6709,-121.3920,25,0,71.85,0,0,0,0,0,0,0,0
19:49:00,N457DM,+38.6710,-121.3920,25,0,71.85,0,0,0,0,0,0,0,0
19:49:01,N457DM,+38.6711,-121.3920,25,0,71.52,0,0,0,0,0,0,0,0
19:49:02,N457DM,+38.6711,-121.3920,25,0,71.52,0,0,0,0,0,0,0,0
19:49:03,N457DM,+38.6712,-121.3920,25,0,71.52,0,0,0,0,0,0,0,0
19:49:04,N457DM,+38.6713,-121.3920,25,0,71.52,0,0,0,0,0,0,0,0
19:49:05,N457DM,+38.6714,-121.3920,25,0,71.52,0,0,0,0,0,0,0,0
19:49:06,N457DM,+38.6714,-121.3920,25,0,71.52,0,0,0,0,0,0,0,0
19:49:07,N457DM,+38.6715,-121.3920,25,0,71.52,0,0,0,0,0,0,0,0
19:49:08,N457DM,+38.6716,-121.3920,25,0,71.52,0,0,0,0,0,0,0,0
19:49:09,N457DM,+38.6716,-121.3920,25,0,71.52,0,0,0,0,0,0,0,0
19:49:10,N457DM,+38.6717,-121.3920,25,0,71.19,0,0,0,0,0,0,0,0
19:49:11,N457DM,+38.6718,-121.3920,25,0,71.19,0,0,0,0,0,0,0,0
19:49:12,N457DM,+38.6719,-121.3920,25,0,71.52,0,0,0,0,0,0,0,0
19:49:13,N457DM,+38.6719,-121.3920,25,0,71.52,0,0,0,0,0,0,0,0
19:49:14,N457DM,+38.6720,-121.3920,25,0,71.52,0,0,0,0,0,0,0,0
19:49:15,N457DM,+38.6721,-121.3920,25,0,71.52,0,0,0,0,0,0,0,0
19:49:16,N457DM,+38.6722,-121.3920,25,0,71.52,0,0,0,0,0,0,0,0
19:49:17,N457DM,+38.6722,-121.3920,25,0,71.19,0,0,0,0,0,0,0,0
19:49:18,N457DM,+38.6723,-121.3920,25,0,71.19,0,0,0,0,0,0,0,0
19:49:19,N457DM,+38.6724,-121.3920,25,0,71.19,0,0,0,0,0,0,0,0
19:49:20,N457DM,+38.6724,-121.3920,25,0,71.19,0,0,0,0,0,0,0,0
19:49:21,N457DM,+38.6725,-121.3920,25,0,71.19,0,0,0,0,0,0,0,0
19:49:22,N457DM,+38.6726,-121.3920,25,0,71.19,0,0,0,0,0,0,0,0
19:49:23,N457DM,+38.6727,-121.3920,25,0,71.19,0,0,0,0,0,0,0,0
19:49:24,N457DM,+38.6727,-121.3920,25,0,70.87,0,0,0,0,0,0,0,0
19:49:25,N457DM,+38.6728,-121.3920,26,0,70.87,0,0,0,0,0,0,0,0
19:49:26,N457DM,+38.6729,-121.3920,26,0,70.87,0,0,0,0,0,0,0,0
19:49:27,N457DM,+38.6729,-121.3920,26,0,70.87,0,0,0,0,0,0,0,0
19:49:28,N457DM,+38.6730,-121.3920,26,0,70.87,0,0,0,0,0,0,0,0
19:49:29,N457DM,+38.6731,-121.3920,26,0,70.54,0,0,0,0,0,0,0,0
19:49:30,N457DM,+38.6732,-121.3920,26,0,70.54,0,0,0,0,0,0,0,0
19:49:31,N457DM,+38.6732,-121.3920,26,0,70.54,0,0,0,0,0,0,0,0
19:49:32,N457DM,+38.6733,-121.3920,26,0,70.54,0,0,0,0,0,0,0,0
19:49:33,N457DM,+38.6734,-121.3920,26,0,70.54,0,0,0,0,0,0,0,0
19:49:34,N457DM,+38.6735,-121.3920,26,0,70.21,0,0,0,0,0,0,0,0
19:49:35,N457DM,+38.6735,-121.3920,26,0,70.21,0,0,0,0,0,0,0,0
19:49:36,N457DM,+38.6736,-121.3920,26,0,70.21,0,0,0,0,0,0,0,0
19:49:37,N457DM,+38.6737,-121.3920,26,0,70.21,0,0,0,0,0,0,0,0
19:49:38,N457DM,+38.6738,-121.3920,26,0,69.88,0,0,0,0,0,0,0,0
19:49:39,N457DM,+38.6738,-121.3920,26,0,70.21,0,0,0,0,0,0,0,0
19:49:40,N457DM,+38.6739,-121.3920,26,0,69.88,0,0,0,0,0,0,0,0
19:49:41,N457DM,+38.6740,-121.3920,26,0,69.88,0,0,0,0,0,0,0,0
19:49:42,N457DM,+38.6740,-121.3920,26,0,69.88,0,0,0,0,0,0,0,0
19:49:43,N457DM,+38.6741,-121.3920,26,0,69.88,0,0,0,0,0,0,0,0
19:49:44,N457DM,+38.6743,-121.3920,26,0,69.88,0,0,0,0,0,0,0,0
19:49:45,N457DM,+38.6743,-121.3920,26,0,69.55,0,0,0,0,0,0,0,0
19:49:46,N457DM,+38.6743,-121.3920,26,0,69.55,0,0,0,0,0,0,0,0
19:49:47,N457DM,+38.6745,-121.3920,26,0,69.55,0,0,0,0,0,0,0,0
19:49:48,N457DM,+38.6746,-121.3920,26,0,69.55,0,0,0,0,0,0,0,0
19:49:49,N457DM,+38.6746,-121.3920,26,0,69.55,0,0,0,0,0,0,0,0
19:49:50,N457DM,+38.6747,-121.3920,26,0,69.55,0,0,0,0,0,0,0,0
19:49:51,N457DM,+38.6748,-121.3920,26,0,69.88,0,0,0,0,0,0,0,0
19:49:52,N457DM,+38.6748,-121.3920,26,0,69.55,0,0,0,0,0,0,0,0
19:49:53,N457DM,+38.6749,-121.3920,26,0,69.55,0,0,0,0,0,0,0,0
19:49:54,N457DM,+38.6749,-121.3920,26,0,69.88,0,0,0,0,0,0,0,0
19:49:55,N457DM,+38.6750,-121.3920,26,0,69.88,0,0,0,0,0,0,0,0
19:49:56,N457DM,+38.6751,-121.3920,25,0,69.88,0,0,0,0,0,0,0,0
19:49:57,N457DM,+38.6751,-121.3920,25,0,69.88,0,0,0,0,0,0,0,0
19:49:58,N457DM,+38.6752,-121.3920,25,0,70.21,0,0,0,0,0,0,0,0
19:49:59,N457DM,+38.6754,-121.3920,24,0,70.21,0,0,0,0,0,0,0,0
19:50:00,N457DM,+38.6754,-121.3920,24,0,69.88,0,0,0,0,0,0,0,0
19:50:01,N457DM,+38.6754,-121.3920,23,0,70.21,0,0,0,0,0,0,0,0
19:50:02,N457DM,+38.6755,-121.3920,23,0,70.21,0,0,0,0,0,0,0,0
19:50:03,N457DM,+38.6755,-121.3920,23,0,69.88,0,0,0,0,0,0,0,0
19:50:04,N457DM,+38.6756,-121.3920,22,0,69.88,0,0,0,0,0,0,0,0
19:50:05,N457DM,+38.6757,-121.3921,20,0,69.88,0,0,0,0,0,0,0,0
19:50:06,N457DM,+38.6757,-121.3921,20,0,69.88,0,0,0,0,0,0,0,0
19:50:07,N457DM,+38.6758,-121.3921,20,0,70.21,0,0,0,0,0,0,0,0
19:50:08,N457DM,+38.6758,-121.3921,20,0,70.21,0,0,0,0,0,0,0,0
19:50:09,N457DM,+38.6759,-121.3921,20,0,70.21,0,0,0,0,0,0,0,0
19:50:10,N457DM,+38.6759,-121.3922,19,0,69.88,0,0,0,0,0,0,0,0
19:50:11,N457DM,+38.6760,-121.3922,19,0,69.88,0,0,0,0,0,0,0,0
19:50:12,N457DM,+38.6760,-121.3923,18,0,69.88,0,0,0,0,0,0,0,0
19:50:13,N457DM,+38.6760,-121.3923,18,0,69.55,0,0,0,0,0,0,0,0
19:50:14,N457DM,+38.6761,-121.3924,18,0,69.55,0,0,0,0,0,0,0,0
19:50:15,N457DM,+38.6761,-121.3924,17,0,69.55,0,0,0,0,0,0,0,0
19:50:16,N457DM,+38.6761,-121.3925,17,0,69.55,0,0,0,0,0,0,0,0
19:50:17,N457DM,+38.6761,-121.3925,17,0,69.88,0,0,0,0,0,0,0,0
19:50:18,N457DM,+38.6762,-121.3926,16,0,69.88,0,0,0,0,0,0,0,0
19:50:19,N457DM,+38.6762,-121.3926,15,0,70.21,0,0,0,0,0,0,0,0
19:50:20,N457DM,+38.6762,-121.3927,14,0,70.21,0,0,0,0,0,0,0,0
19:50:21,N457DM,+38.6762,-121.3927,14,0,70.21,0,0,0,0,0,0,0,0
19:50:22,N457DM,+38.6762,-121.3928,13,0,70.21,0,0,0,0,0,0,0,0
19:50:23,N457DM,+38.6762,-121.3928,11,0,70.54,0,0,0,0,0,0,0,0
19:50:24,N457DM,+38.6762,-121.3929,10,0,70.87,0,0,0,0,0,0,0,0
19:50:25,N457DM,+38.6761,-121.3929,8,0,70.87,0,0,0,0,0,0,0,0
19:50:26,N457DM,+38.6761,-121.3929,6,0,71.19,0,0,0,0,0,0,0,0
19:50:27,N457DM,+38.6761,-121.3929,5,0,71.19,0,0,0,0,0,0,0,0
19:50:28,N457DM,+38.6761,-121.3929,4,0,71.19,0,0,0,0,0,0,0,0
19:50:29,N457DM,+38.6761,-121.3929,3,0,71.52,0,0,0,0,0,0,0,0
19:50:30,N457DM,+38.6761,-121.3929,1,0,71.52,0,0,0,0,0,0,0,0
19:50:31,N457DM,+38.6761,-121.3929,0,0,71.85,0,0,0,0,0,0,0,0
19:50:32,N457DM,+38.6761,-121.3929,0,0,71.85,0,0,0,0,0,0,0,0
19:50:33,N457DM,+38.6761,-121.3929,0,0,72.18,0,0,0,0,0,0,0,0
19:50:34,N457DM,+38.6761,-121.3929,0,0,72.18,0,0,0,0,0,0,0,0
19:50:35,N457DM,+38.6761,-121.3929,0,0,72.18,0,0,0,0,0,0,0,0
19:50:36,N457DM,+38.6761,-121.3929,0,0,72.18,0,0,0,0,0,0,0,0
19:50:37,N457DM,+38.6761,-121.3929,0,0,72.51,0,0,0,0,0,0,0,0
19:50:38,N457DM,+38.6761,-121.3929,0,0,72.51,0,0,0,0,0,0,0,0
19:50:39,N457DM,+38.6761,-121.3929,0,0,72.83,0,0,0,0,0,0,0,0
19:50:40,N457DM,+38.6761,-121.3929,0,0,72.83,0,0,0,0,0,0,0,0
19:50:41,N457DM,+38.6761,-121.3929,0,0,73.16,0,0,0,0,0,0,0,0
19:50:42,N457DM,+38.6761,-121.3929,0,0,73.16,0,0,0,0,0,0,0,0
19:50:43,N457DM,+38.6761,-121.3929,0,0,73.16,0,0,0,0,0,0,0,0
19:50:44,N457DM,+38.6761,-121.3929,0,0,73.16,0,0,0,0,0,0,0,0
19:50:45,N457DM,+38.6761,-121.3929,0,0,73.16,0,0,0,0,0,0,0,0
19:50:46,N457DM,+38.6761,-121.3929,0,0,73.16,0,0,0,0,0,0,0,0
19:50:47,N457DM,+38.6761,-121.3929,0,0,73.16,0,0,0,0,0,0,0,0
19:50:48,N457DM,+38.6761,-121.3929,0,0,73.16,0,0,0,0,0,0,0,0
19:50:49,N457DM,+38.6761,-121.3929,0,0,73.49,0,0,0,0,0,0,0,0
19:50:50,N457DM,+38.6761,-121.3929,0,0,73.49,0,0,0,0,0,0,0,0
19:50:51,N457DM,+38.6761,-121.3929,0,0,73.49,0,0,0,0,0,0,0,0
19:50:52,N457DM,+38.6761,-121.3929,0,0,73.49,0,0,0,0,0,0,0,0
19:50:53,N457DM,+38.6761,-121.3929,0,0,73.49,0,0,0,0,0,0,0,0
19:50:54,N457DM,+38.6761,-121.3929,0,0,73.49,0,0,0,0,0,0,0,0
19:50:55,N457DM,+38.6761,-121.3929,0,0,73.49,0,0,0,0,0,0,0,0
19:50:56,N457DM,+38.6761,-121.3929,0,0,73.82,0,0,0,0,0,0,0,0
19:50:57,N457DM,+38.6761,-121.3929,0,0,73.82,0,0,0,0,0,0,0,0
19:50:58,N457DM,+38.6761,-121.3929,0,0,73.82,0,0,0,0,0,0,0,0
19:50:59,N457DM,+38.6761,-121.3929,0,0,73.82,0,0,0,0,0,0,0,0
19:51:00,N457DM,+38.6761,-121.3929,0,0,73.82,0,0,0,0,0,0,0,0
19:51:01,N457DM,+38.6761,-121.3929,0,0,73.82,0,0,0,0,0,0,0,0
19:51:02,N457DM,+38.6761,-121.3929,0,0,73.82,0,0,0,0,0,0,0,0
19:51:03,N457DM,+38.6761,-121.3929,0,0,73.82,0,0,0,0,0,0,0,0
19:51:04,N457DM,+38.6761,-121.3929,0,0,73.82,0,0,0,0,0,0,0,0
19:51:05,N457DM,+38.6761,-121.3929,0,0,73.82,0,0,0,0,0,0,0,0
19:51:06,N457DM,+38.6761,-121.3929,0,0,73.49,0,0,0,0,0,0,0,0
19:51:07,N457DM,+38.6761,-121.3929,0,0,73.49,0,0,0,0,0,0,0,0
19:51:08,N457DM,+38.6761,-121.3929,0,0,73.49,0,0,0,0,0,0,0,0
19:51:09,N457DM,+38.6761,-121.3929,0,0,73.82,0,0,0,0,0,0,0,0
19:51:10,N457DM,+38.6761,-121.3929,0,0,73.82,0,0,0,0,0,0,0,0
19:51:11,N457DM,+38.6761,-121.3929,0,0,73.82,0,0,0,0,0,0,0,0
19:51:12,N457DM,+38.6761,-121.3929,0,0,73.49,0,0,0,0,0,0,0,0
19:51:13,N457DM,+38.6761,-121.3929,0,0,73.82,0,0,0,0,0,0,0,0
19:51:14,N457DM,+38.6761,-121.3929,0,0,73.82,0,0,0,0,0,0,0,0
19:51:15,N457DM,+38.6761,-121.3929,0,0,73.49,0,0,0,0,0,0,0,0
19:51:16,N457DM,+38.6761,-121.3929,0,0,73.82,0,0,0,0,0,0,0,0
19:51:17,N457DM,+38.6761,-121.3929,0,0,73.82,0,0,0,0,0,0,0,0
19:51:18,N457DM,+38.6761,-121.3929,0,0,74.15,0,0,0,0,0,0,0,0
19:51:19,N457DM,+38.6761,-121.3929,0,0,74.15,0,0,0,0,0,0,0,0
19:51:20,N457DM,+38.6761,-121.3929,0,0,74.47,0,0,0,0,0,0,0,0
19:51:21,N457DM,+38.6761,-121.3929,0,0,74.47,0,0,0,0,0,0,0,0
19:51:22,N457DM,+38.6761,-121.3929,0,0,74.47,0,0,0,0,0,0,0,0
19:51:23,N457DM,+38.6761,-121.3929,0,0,74.47,0,0,0,0,0,0,0,0
19:51:24,N457DM,+38.6761,-121.3929,0,0,74.80,0,0,0,0,0,0,0,0
19:51:25,N457DM,+38.6761,-121.3929,0,0,74.47,0,0,0,0,0,0,0,0
19:51:26,N457DM,+38.6761,-121.3929,0,0,74.80,0,0,0,0,0,0,0,0
19:51:27,N457DM,+38.6761,-121.3929,0,0,74.80,0,0,0,0,0,0,0,0
19:51:28,N457DM,+38.6761,-121.3929,0,0,74.47,0,0,0,0,0,0,0,0
19:51:29,N457DM,+38.6761,-121.3929,0,0,74.80,0,0,0,0,0,0,0,0
19:51:30,N457DM,+38.6761,-121.3929,0,0,74.47,0,0,0,0,0,0,0,0
19:51:31,N457DM,+38.6761,-121.3929,0,0,74.47,0,0,0,0,0,0,0,0
19:51:32,N457DM,+38.6761,-121.3929,0,0,74.47,0,0,0,0,0,0,0,0
19:51:33,N457DM,+38.6761,-121.3929,0,0,74.47,0,0,0,0,0,0,0,0
19:51:34,N457DM,+38.6761,-121.3929,0,0,74.80,0,0,0,0,0,0,0,0
19:51:35,N457DM,+38.6761,-121.3929,0,0,74.80,0,0,0,0,0,0,0,0
19:51:36,N457DM,+38.6761,-121.3929,0,0,74.47,0,0,0,0,0,0,0,0
19:51:37,N457DM,+38.6761,-121.3929,0,0,74.47,0,0,0,0,0,0,0,0
19:51:38,N457DM,+38.6761,-121.3929,0,0,74.15,0,0,0,0,0,0,0,0
19:51:39,N457DM,+38.6761,-121.3929,0,0,74.15,0,0,0,0,0,0,0,0
19:51:40,N457DM,+38.6761,-121.3929,0,0,74.15,0,0,0,0,0,0,0,0
19:51:41,N457DM,+38.6761,-121.3929,0,0,74.15,0,0,0,0,0,0,0,0
19:51:42,N457DM,+38.6761,-121.3929,0,0,74.15,0,0,0,0,0,0,0,0
19:51:43,N457DM,+38.6761,-121.3929,0,0,74.15,0,0,0,0,0,0,0,0
19:51:44,N457DM,+38.6761,-121.3929,0,0,74.15,0,0,0,0,0,0,0,0
19:51:45,N457DM,+38.6761,-121.3929,0,0,74.15,0,0,0,0,0,0,0,0
19:51:46,N457DM,+38.6761,-121.3929,0,0,74.47,0,0,0,0,0,0,0,0
19:51:47,N457DM,+38.6761,-121.3929,0,0,74.15,0,0,0,0,0,0,0,0
19:51:48,N457DM,+38.6761,-121.3929,0,0,74.15,0,0,0,0,0,0,0,0
19:51:49,N457DM,+38.6761,-121.3929,0,0,74.47,0,0,0,0,0,0,0,0
19:51:50,N457DM,+38.6761,-121.3929,0,0,74.47,0,0,0,0,0,0,0,0
19:51:51,N457DM,+38.6761,-121.3929,0,0,74.15,0,0,0,0,0,0,0,0
19:51:52,N457DM,+38.6761,-121.3929,0,0,74.15,0,0,0,0,0,0,0,0
19:51:53,N457DM,+38.6761,-121.3929,0,0,74.15,0,0,0,0,0,0,0,0
19:51:54,N457DM,+38.6761,-121.3929,0,0,74.47,0,0,0,0,0,0,0,0
19:51:55,N457DM,+38.6761,-121.3929,0,0,74.47,0,0,0,0,0,0,0,0
19:51:56,N457DM,+38.6761,-121.3929,0,0,74.47,0,0,0,0,0,0,0,0
19:51:57,N457DM,+38.6761,-121.3929,0,0,74.47,0,0,0,0,0,0,0,0
19:51:58,N457DM,+38.6761,-121.3929,0,0,74.47,0,0,0,0,0,0,0,0
19:51:59,N457DM,+38.6761,-121.3929,0,0,74.47,0,0,0,0,0,0,0,0
19:52:00,N457DM,+38.6761,-121.3929,0,0,74.15,0,0,0,0,0,0,0,0
19:52:01,N457DM,+38.6761,-121.3929,0,0,73.82,0,0,0,0,0,0,0,0
19:52:02,N457DM,+38.6761,-121.3929,0,0,73.49,0,0,0,0,0,0,0,0
19:52:03,N457DM,+38.6761,-121.3929,0,0,73.49,0,0,0,0,0,0,0,0
19:52:04,N457DM,+38.6761,-121.3929,0,0,73.49,0,0,0,0,0,0,0,0
19:52:05,N457DM,+38.6761,-121.3929,0,0,73.49,0,0,0,0,0,0,0,0
19:52:06,N457DM,+38.6761,-121.3929,0,0,73.16,0,0,0,0,0,0,0,0
19:52:07,N457DM,+38.6761,-121.3929,0,0,72.83,0,0,0,0,0,0,0,0
19:52:08,N457DM,+38.6761,-121.3929,0,0,72.83,0,0,0,0,0,0,0,0
19:52:09,N457DM,+38.6761,-121.3929,0,0,72.83,0,0,0,0,0,0,0,0
19:52:10,N457DM,+38.6761,-121.3929,0,0,72.83,0,0,0,0,0,0,0,0
19:52:11,N457DM,+38.6761,-121.3929,0,0,73.16,0,0,0,0,0,0,0,0
19:52:12,N457DM,+38.6761,-121.3929,0,0,73.16,0,0,0,0,0,0,0,0
19:52:13,N457DM,+38.6761,-121.3929,0,0,73.16,0,0,0,0,0,0,0,0
19:52:14,N457DM,+38.6761,-121.3929,0,0,73.49,0,0,0,0,0,0,0,0
19:52:15,N457DM,+38.6761,-121.3929,0,0,73.49,0,0,0,0,0,0,0,0
19:52:16,N457DM,+38.6761,-121.3929,0,0,73.49,0,0,0,0,0,0,0,0
19:52:17,N457DM,+38.6761,-121.3929,0,0,73.49,0,0,0,0,0,0,0,0
19:52:18,N457DM,+38.6761,-121.3929,0,0,73.49,0,0,0,0,0,0,0,0
19:52:19,N457DM,+38.6761,-121.3929,0,0,73.49,0,0,0,0,0,0,0,0
19:52:20,N457DM,+38.6761,-121.3929,0,0,73.82,0,0,0,0,0,0,0,0
19:52:21,N457DM,+38.6761,-121.3929,0,0,73.82,0,0,0,0,0,0,0,0
19:52:22,N457DM,+38.6761,-121.3929,0,0,74.15,0,0,0,0,0,0,0,0
19:52:23,N457DM,+38.6761,-121.3929,0,0,73.49,0,0,0,0,0,0,0,0
19:52:24,N457DM,+38.6761,-121.3929,0,0,73.82,0,0,0,0,0,0,0,0
19:52:25,N457DM,+38.6761,-121.3929,0,0,73.82,0,0,0,0,0,0,0,0
19:52:26,N457DM,+38.6761,-121.3929,0,0,74.15,0,0,0,0,0,0,0,0
19:52:27,N457DM,+38.6761,-121.3929,0,0,74.15,0,0,0,0,0,0,0,0
19:52:28,N457DM,+38.6761,-121.3929,0,0,74.47,0,0,0,0,0,0,0,0
19:52:29,N457DM,+38.6761,-121.3929,0,0,74.47,0,0,0,0,0,0,0,0
19:52:30,N457DM,+38.6761,-121.3929,0,0,74.80,0,0,0,0,0,0,0,0
19:52:31,N457DM,+38.6761,-121.3929,0,0,75.13,0,0,0,0,0,0,0,0
19:52:32,N457DM,+38.6761,-121.3929,0,0,75.46,0,0,0,0,0,0,0,0
19:52:33,N457DM,+38.6761,-121.3929,0,0,75.46,0,0,0,0,0,0,0,0
19:52:34,N457DM,+38.6761,-121.3929,0,0,75.79,0,0,0,0,0,0,0,0
19:52:35,N457DM,+38.6761,-121.3929,0,0,75.79,0,0,0,0,0,0,0,0
19:52:36,N457DM,+38.6761,-121.3929,0,0,76.11,0,0,0,0,0,0,0,0
19:52:37,N457DM,+38.6761,-121.3929,0,0,76.44,0,0,0,0,0,0,0,0
19:52:38,N457DM,+38.6761,-121.3929,0,0,76.44,0,0,0,0,0,0,0,0
19:52:39,N457DM,+38.6761,-121.3929,0,0,76.77,0,0,0,0,0,0,0,0
19:52:40,N457DM,+38.6761,-121.3929,0,0,77.10,0,0,0,0,0,0,0,0
19:52:41,N457DM,+38.6761,-121.3929,0,0,77.10,0,0,0,0,0,0,0,0
19:52:42,N457DM,+38.6761,-121.3929,0,0,77.43,0,0,0,0,0,0,0,0
19:52:43,N457DM,+38.6761,-121.3929,0,0,77.43,0,0,0,0,0,0,0,0
19:52:44,N457DM,+38.6761,-121.3929,0,0,77.43,0,0,0,0,0,0,0,0
19:52:45,N457DM,+38.6761,-121.3929,0,0,77.10,0,0,0,0,0,0,0,0
19:52:46,N457DM,+38.6761,-121.3929,0,0,77.10,0,0,0,0,0,0,0,0
19:52:47,N457DM,+38.6761,-121.3929,0,0,77.10,0,0,0,0,0,0,0,0
19:52:48,N457DM,+38.6761,-121.3929,0,0,77.10,0,0,0,0,0,0,0,0
19:52:49,N457DM,+38.6761,-121.3929,0,0,77.10,0,0,0,0,0,0,0,0
19:52:50,N457DM,+38.6761,-121.3929,0,0,77.10,0,0,0,0,0,0,0,0
19:52:51,N457DM,+38.6761,-121.3929,0,0,77.43,0,0,0,0,0,0,0,0
19:52:52,N457DM,+38.6761,-121.3929,0,0,77.43,0,0,0,0,0,0,0,0
19:52:53,N457DM,+38.6761,-121.3929,0,0,77.75,0,0,0,0,0,0,0,0
19:52:54,N457DM,+38.6761,-121.3929,0,0,77.75,0,0,0,0,0,0,0,0
19:52:55,N457DM,+38.6761,-121.3929,0,0,77.75,0,0,0,0,0,0,0,0
19:52:56,N457DM,+38.6761,-121.3929,0,0,78.08,0,0,0,0,0,0,0,0
19:52:57,N457DM,+38.6761,-121.3929,0,0,78.08,0,0,0,0,0,0,0,0
19:52:58,N457DM,+38.6761,-121.3929,0,0,78.08,0,0,0,0,0,0,0,0
19:52:59,N457DM,+38.6761,-121.3929,0,0,78.08,0,0,0,0,0,0,0,0
19:53:00,N457DM,+38.6761,-121.3929,0,0,78.41,0,0,0,0,0,0,0,0
19:53:01,N457DM,+38.6761,-121.3929,0,0,78.08,0,0,0,0,0,0,0,0
19:53:02,N457DM,+38.6761,-121.3929,0,0,78.41,0,0,0,0,0,0,0,0
19:53:03,N457DM,+38.6761,-121.3929,0,0,78.41,0,0,0,0,0,0,0,0
19:53:04,N457DM,+38.6761,-121.3929,0,0,78.74,0,0,0,0,0,0,0,0
19:53:05,N457DM,+38.6761,-121.3929,0,0,78.74,0,0,0,0,0,0,0,0
19:53:06,N457DM,+38.6761,-121.3929,0,0,78.74,0,0,0,0,0,0,0,0
19:53:07,N457DM,+38.6761,-121.3929,0,0,78.74,0,0,0,0,0,0,0,0
19:53:08,N457DM,+38.6761,-121.3929,0,0,78.74,0,0,0,0,0,0,0,0
19:53:09,N457DM,+38.6761,-121.3929,0,0,78.74,0,0,0,0,0,0,0,0
19:53:10,N457DM,+38.6761,-121.3929,0,0,78.74,0,0,0,0,0,0,0,0
19:53:11,N457DM,+38.6761,-121.3929,0,0,78.74,0,0,0,0,0,0,0,0
19:53:12,N457DM,+38.6761,-121.3929,0,0,79.07,0,0,0,0,0,0,0,0
19:53:13,N457DM,+38.6761,-121.3929,0,0,79.40,0,0,0,0,0,0,0,0
19:53:14,N457DM,+38.6761,-121.3929,0,0,79.07,0,0,0,0,0,0,0,0
19:53:15,N457DM,+38.6761,-121.3929,0,0,79.07,0,0,0,0,0,0,0,0
19:53:16,N457DM,+38.6761,-121.3929,0,0,79.40,0,0,0,0,0,0,0,0
19:53:17,N457DM,+38.6761,-121.3929,0,0,79.40,0,0,0,0,0,0,0,0
19:53:18,N457DM,+38.6761,-121.3929,0,0,79.40,0,0,0,0,0,0,0,0
19:53:19,N457DM,+38.6761,-121.3929,0,0,79.72,0,0,0,0,0,0,0,0
19:53:20,N457DM,+38.6761,-121.3929,0,0,79.72,0,0,0,0,0,0,0,0
19:53:21,N457DM,+38.6761,-121.3929,0,0,79.72,0,0,0,0,0,0,0,0
19:53:22,N457DM,+38.6761,-121.3929,0,0,80.05,0,0,0,0,0,0,0,0
19:53:23,N457DM,+38.6761,-121.3929,0,0,80.05,0,0,0,0,0,0,0,0
19:53:24,N457DM,+38.6761,-121.3929,0,0,80.05,0,0,0,0,0,0,0,0
19:53:25,N457DM,+38.6761,-121.3929,0,0,80.05,0,0,0,0,0,0,0,0
19:53:26,N457DM,+38.6761,-121.3929,0,0,80.05,0,0,0,0,0,0,0,0
19:53:27,N457DM,+38.6761,-121.3929,0,0,79.72,0,0,0,0,0,0,0,0
19:53:28,N457DM,+38.6761,-121.3929,0,0,79.72,0,0,0,0,0,0,0,0
19:53:29,N457DM,+38.6761,-121.3929,0,0,79.72,0,0,0,0,0,0,0,0
19:53:30,N457DM,+38.6761,-121.3929,0,0,80.05,0,0,0,0,0,0,0,0
19:53:31,N457DM,+38.6761,-121.3929,0,0,80.05,0,0,0,0,0,0,0,0
19:53:32,N457DM,+38.6761,-121.3929,0,0,80.05,0,0,0,0,0,0,0,0
19:53:33,N457DM,+38.6761,-121.3929,0,0,80.05,0,0,0,0,0,0,0,0
19:53:34,N457DM,+38.6761,-121.3929,0,0,79.72,0,0,0,0,0,0,0,0
19:53:35,N457DM,+38.6761,-121.3929,0,0,79.72,0,0,0,0,0,0,0,0
19:53:36,N457DM,+38.6761,-121.3929,0,0,79.72,0,0,0,0,0,0,0,0
19:53:37,N457DM,+38.6761,-121.3929,0,0,79.72,0,0,0,0,0,0,0,0
19:53:38,N457DM,+38.6761,-121.3929,0,0,79.72,0,0,0,0,0,0,0,0
19:53:39,N457DM,+38.6761,-121.3929,0,0,79.72,0,0,0,0,0,0,0,0
19:53:40,N457DM,+38.6761,-121.3929,0,0,79.72,0,0,0,0,0,0,0,0
19:53:41,N457DM,+38.6761,-121.3929,0,0,79.72,0,0,0,0,0,0,0,0
19:53:42,N457DM,+38.6761,-121.3929,0,0,79.72,0,0,0,0,0,0,0,0
19:53:43,N457DM,+38.6761,-121.3929,0,0,80.05,0,0,0,0,0,0,0,0
19:53:44,N457DM,+38.6761,-121.3929,0,0,79.72,0,0,0,0,0,0,0,0
19:53:45,N457DM,+38.6761,-121.3929,0,0,79.72,0,0,0,0,0,0,0,0
19:53:46,N457DM,+38.6761,-121.3929,0,0,79.72,0,0,0,0,0,0,0,0
19:53:47,N457DM,+38.6761,-121.3929,0,0,79.72,0,0,0,0,0,0,0,0
19:53:48,N457DM,+38.6761,-121.3929,0,0,79.72,0,0,0,0,0,0,0,0
19:53:49,N457DM,+38.6761,-121.3929,0,0,80.05,0,0,0,0,0,0,0,0
19:53:50,N457DM,+38.6761,-121.3929,0,0,80.05,0,0,0,0,0,0,0,0
19:53:51,N457DM,+38.6761,-121.3929,0,0,80.05,0,0,0,0,0,0,0,0
19:53:52,N457DM,+38.6761,-121.3929,0,0,80.05,0,0,0,0,0,0,0,0
19:53:53,N457DM,+38.6761,-121.3929,0,0,80.05,0,0,0,0,0,0,0,0
19:53:54,N457DM,+38.6761,-121.3929,0,0,80.05,0,0,0,0,0,0,0,0
19:53:55,N457DM,+38.6761,-121.3929,0,0,80.05,0,0,0,0,0,0,0,0
19:53:56,N457DM,+38.6761,-121.3929,0,0,80.05,0,0,0,0,0,0,0,0
19:53:57,N457DM,+38.6761,-121.3929,0,0,80.05,0,0,0,0,0,0,0,0
19:53:58,N457DM,+38.6761,-121.3929,0,0,80.05,0,0,0,0,0,0,0,0
19:53:59,N457DM,+38.6761,-121.3929,0,0,80.05,0,0,0,0,0,0,0,0
19:54:00,N457DM,+38.6761,-121.3929,0,0,80.05,0,0,0,0,0,0,0,0
19:54:01,N457DM,+38.6761,-121.3929,0,0,80.05,0,0,0,0,0,0,0,0
19:54:02,N457DM,+38.6761,-121.3929,0,0,80.05,0,0,0,0,0,0,0,0
19:54:03,N457DM,+38.6761,-121.3929,0,0,80.05,0,0,0,0,0,0,0,0
19:54:04,N457DM,+38.6761,-121.3929,0,0,80.05,0,0,0,0,0,0,0,0
19:54:05,N457DM,+38.6761,-121.3929,0,0,80.05,0,0,0,0,0,0,0,0
19:54:06,N457DM,+38.6761,-121.3929,0,0,80.05,0,0,0,0,0,0,0,0
19:54:07,N457DM,+38.6761,-121.3929,0,0,80.05,0,0,0,0,0,0,0,0
19:54:08,N457DM,+38.6761,-121.3929,0,0,79.72,0,0,0,0,0,0,0,0
19:54:09,N457DM,+38.6761,-121.3929,0,0,79.72,0,0,0,0,0,0,0,0
19:54:10,N457DM,+38.6761,-121.3929,0,0,79.72,0,0,0,0,0,0,0,0
19:54:11,N457DM,+38.6761,-121.3929,0,0,79.72,0,0,0,0,0,0,0,0
19:54:12,N457DM,+38.6761,-121.3929,0,0,80.05,0,0,0,0,0,0,0,0
19:54:13,N457DM,+38.6761,-121.3929,0,0,80.05,0,0,0,0,0,0,0,0
19:54:14,N457DM,+38.6761,-121.3929,0,0,80.05,0,0,0,0,0,0,0,0
19:54:15,N457DM,+38.6761,-121.3929,0,0,80.05,0,0,0,0,0,0,0,0
19:54:16,N457DM,+38.6761,-121.3929,0,0,80.05,0,0,0,0,0,0,0,0
19:54:17,N457DM,+38.6761,-121.3929,0,0,80.05,0,0,0,0,0,0,0,0
19:54:18,N457DM,+38.6761,-121.3929,0,0,80.05,0,0,0,0,0,0,0,0
19:54:19,N457DM,+38.6761,-121.3929,0,0,80.05,0,0,0,0,0,0,0,0
19:54:20,N457DM,+38.6761,-121.3929,0,0,80.05,0,0,0,0,0,0,0,0
19:54:21,N457DM,+38.6761,-121.3929,0,0,80.05,0,0,0,0,0,0,0,0
19:54:22,N457DM,+38.6761,-121.3929,0,0,80.05,0,0,0,0,0,0,0,0
19:54:23,N457DM,+38.6761,-121.3929,0,0,80.05,0,0,0,0,0,0,0,0
19:54:24,N457DM,+38.6761,-121.3929,0,0,80.05,0,0,0,0,0,0,0,0
19:54:25,N457DM,+38.6761,-121.3929,0,0,80.05,0,0,0,0,0,0,0,0
19:54:26,N457DM,+38.6761,-121.3929,0,0,80.05,0,0,0,0,0,0,0,0
19:54:27,N457DM,+38.6761,-121.3929,0,0,80.05,0,0,0,0,0,0,0,0
19:54:28,N457DM,+38.6761,-121.3929,0,0,80.05,0,0,0,0,0,0,0,0
19:54:29,N457DM,+38.6761,-121.3929,0,0,80.05,0,0,0,0,0,0,0,0
19:54:30,N457DM,+38.6761,-121.3929,0,0,80.05,0,0,0,0,0,0,0,0
19:54:31,N457DM,+38.6761,-121.3929,0,0,80.05,0,0,0,0,0,0,0,0
19:54:32,N457DM,+38.6761,-121.3929,0,0,80.05,0,0,0,0,0,0,0,0
19:54:33,N457DM,+38.6761,-121.3929,0,0,80.05,0,0,0,0,0,0,0,0
19:54:34,N457DM,+38.6761,-121.3929,0,0,80.05,0,0,0,0,0,0,0,0
19:54:35,N457DM,+38.6761,-121.3929,0,0,80.05,0,0,0,0,0,0,0,0
19:54:36,N457DM,+38.6761,-121.3929,0,0,80.05,0,0,0,0,0,0,0,0
19:54:37,N457DM,+38.6761,-121.3929,0,0,80.05,0,0,0,0,0,0,0,0
19:54:38,N457DM,+38.6761,-121.3929,0,0,79.72,0,0,0,0,0,0,0,0
19:54:39,N457DM,+38.6761,-121.3929,0,0,79.72,0,0,0,0,0,0,0,0
19:54:40,N457DM,+38.6761,-121.3929,0,0,79.72,0,0,0,0,0,0,0,0
19:54:41,N457DM,+38.6761,-121.3929,0,0,80.05,0,0,0,0,0,0,0,0
19:54:42,N457DM,+38.6761,-121.3929,0,0,80.05,0,0,0,0,0,0,0,0
19:54:43,N457DM,+38.6761,-121.3929,0,0,79.72,0,0,0,0,0,0,0,0
19:54:44,N457DM,+38.6761,-121.3929,0,0,80.05,0,0,0,0,0,0,0,0
19:54:45,N457DM,+38.6761,-121.3929,0,0,80.05,0,0,0,0,0,0,0,0
19:54:46,N457DM,+38.6761,-121.3929,0,0,79.72,0,0,0,0,0,0,0,0
19:54:47,N457DM,+38.6761,-121.3929,0,0,80.05,0,0,0,0,0,0,0,0
19:54:48,N457DM,+38.6761,-121.3929,0,0,80.05,0,0,0,0,0,0,0,0
19:54:49,N457DM,+38.6761,-121.3929,0,0,79.72,0,0,0,0,0,0,0,0
19:54:50,N457DM,+38.6761,-121.3929,0,0,79.72,0,0,0,0,0,0,0,0
19:54:51,N457DM,+38.6761,-121.3929,0,0,79.72,0,0,0,0,0,0,0,0
19:54:52,N457DM,+38.6761,-121.3929,0,0,79.40,0,0,0,0,0,0,0,0
19:54:53,N457DM,+38.6761,-121.3929,0,0,79.40,0,0,0,0,0,0,0,0
19:54:54,N457DM,+38.6761,-121.3929,0,0,79.40,0,0,0,0,0,0,0,0
19:54:55,N457DM,+38.6761,-121.3929,0,0,79.40,0,0,0,0,0,0,0,0
19:54:56,N457DM,+38.6761,-121.3929,0,0,79.07,0,0,0,0,0,0,0,0
19:54:57,N457DM,+38.6761,-121.3929,0,0,79.07,0,0,0,0,0,0,0,0
19:54:58,N457DM,+38.6761,-121.3929,0,0,78.74,0,0,0,0,0,0,0,0
19:54:59,N457DM,+38.6761,-121.3929,0,0,78.74,0,0,0,0,0,0,0,0
19:55:00,N457DM,+38.6761,-121.3929,0,0,78.74,0,0,0,0,0,0,0,0
19:55:01,N457DM,+38.6761,-121.3929,0,0,78.41,0,0,0,0,0,0,0,0
19:55:02,N457DM,+38.6761,-121.3929,0,0,78.08,0,0,0,0,0,0,0,0
19:55:03,N457DM,+38.6761,-121.3929,0,0,78.08,0,0,0,0,0,0,0,0
19:55:04,N457DM,+38.6761,-121.3929,0,0,78.08,0,0,0,0,0,0,0,0
19:55:05,N457DM,+38.6761,-121.3929,0,0,78.08,0,0,0,0,0,0,0,0
19:55:06,N457DM,+38.6761,-121.3929,0,0,78.08,0,0,0,0,0,0,0,0
19:55:07,N457DM,+38.6761,-121.3929,0,0,78.08,0,0,0,0,0,0,0,0
19:55:08,N457DM,+38.6761,-121.3929,0,0,77.75,0,0,0,0,0,0,0,0
19:55:09,N457DM,+38.6761,-121.3929,0,0,77.75,0,0,0,0,0,0,0,0
19:55:10,N457DM,+38.6761,-121.3929,0,0,77.75,0,0,0,0,0,0,0,0
19:55:11,N457DM,+38.6761,-121.3929,0,0,77.75,0,0,0,0,0,0,0,0
19:55:12,N457DM,+38.6761,-121.3929,0,0,77.75,0,0,0,0,0,0,0,0
19:55:13,N457DM,+38.6761,-121.3929,0,0,77.75,0,0,0,0,0,0,0,0
19:55:14,N457DM,+38.6761,-121.3929,0,0,77.75,0,0,0,0,0,0,0,0
19:55:15,N457DM,+38.6761,-121.3929,0,0,77.43,0,0,0,0,0,0,0,0
19:55:16,N457DM,+38.6761,-121.3929,0,0,77.43,0,0,0,0,0,0,0,0
19:55:17,N457DM,+38.6761,-121.3929,0,0,77.10,0,0,0,0,0,0,0,0
19:55:18,N457DM,+38.6761,-121.3929,0,0,77.10,0,0,0,0,0,0,0,0
19:55:19,N457DM,+38.6761,-121.3929,0,0,77.10,0,0,0,0,0,0,0,0
19:55:20,N457DM,+38.6761,-121.3929,0,0,76.77,0,0,0,0,0,0,0,0
19:55:21,N457DM,+38.6761,-121.3929,0,0,76.77,0,0,0,0,0,0,0,0
19:55:22,N457DM,+38.6761,-121.3929,0,0,76.44,0,0,0,0,0,0,0,0
19:55:23,N457DM,+38.6761,-121.3929,0,0,76.44,0,0,0,0,0,0,0,0
19:55:24,N457DM,+38.6761,-121.3929,0,0,76.44,0,0,0,0,0,0,0,0
19:55:25,N457DM,+38.6761,-121.3929,0,0,76.44,0,0,0,0,0,0,0,0
19:55:26,N457DM,+38.6761,-121.3929,0,0,76.44,0,0,0,0,0,0,0,0
19:55:27,N457DM,+38.6761,-121.3929,0,0,76.44,0,0,0,0,0,0,0,0
19:55:28,N457DM,+38.6761,-121.3929,0,0,76.44,0,0,0,0,0,0,0,0
19:55:29,N457DM,+38.6761,-121.3929,0,0,76.44,0,0,0,0,0,0,0,0
19:55:30,N457DM,+38.6761,-121.3929,0,0,76.44,0,0,0,0,0,0,0,0
19:55:31,N457DM,+38.6761,-121.3929,1,0,76.44,0,0,0,0,0,0,0,0
19:55:32,N457DM,+38.6761,-121.3929,1,0,76.44,0,0,0,0,0,0,0,0
19:55:33,N457DM,+38.6761,-121.3929,1,0,76.44,0,0,0,0,0,0,0,0
19:55:34,N457DM,+38.6760,-121.3929,2,0,76.44,0,0,0,0,0,0,0,0
19:55:35,N457DM,+38.6760,-121.3929,3,0,76.44,0,0,0,0,0,0,0,0
19:55:36,N457DM,+38.6760,-121.3929,3,0,76.44,0,0,0,0,0,0,0,0
19:55:37,N457DM,+38.6760,-121.3929,4,0,76.44,0,0,0,0,0,0,0,0
19:55:38,N457DM,+38.6760,-121.3929,6,0,76.44,0,0,0,0,0,0,0,0
19:55:39,N457DM,+38.6760,-121.3929,6,0,76.44,0,0,0,0,0,0,0,0
19:55:40,N457DM,+38.6759,-121.3930,7,0,76.77,0,0,0,0,0,0,0,0
19:55:41,N457DM,+38.6759,-121.3930,7,0,76.44,0,0,0,0,0,0,0,0
19:55:42,N457DM,+38.6759,-121.3930,7,0,76.44,0,0,0,0,0,0,0,0
19:55:43,N457DM,+38.6759,-121.3930,8,0,76.44,0,0,0,0,0,0,0,0
19:55:44,N457DM,+38.6759,-121.3930,8,0,76.11,0,0,0,0,0,0,0,0
19:55:45,N457DM,+38.6759,-121.3931,8,0,75.79,0,0,0,0,0,0,0,0
19:55:46,N457DM,+38.6759,-121.3931,11,0,75.79,0,0,0,0,0,0,0,0
19:55:47,N457DM,+38.6759,-121.3931,11,0,75.79,0,0,0,0,0,0,0,0
19:55:48,N457DM,+38.6759,-121.3932,11,0,75.79,0,0,0,0,0,0,0,0
19:55:49,N457DM,+38.6759,-121.3933,12,0,75.79,0,0,0,0,0,0,0,0
19:55:50,N457DM,+38.6759,-121.3933,12,0,75.79,0,0,0,0,0,0,0,0
19:55:51,N457DM,+38.6759,-121.3933,12,0,75.46,0,0,0,0,0,0,0,0
19:55:52,N457DM,+38.6759,-121.4001,12,0,75.46,0,0,0,0,0,0,0,0
19:55:53,N457DM,+38.6759,-121.4001,12,0,75.46,0,0,0,0,0,0,0,0
19:55:54,N457DM,+38.6759,-121.4001,12,0,75.46,0,0,0,0,0,0,0,0
19:55:55,N457DM,+38.6759,-121.4002,12,0,75.46,0,0,0,0,0,0,0,0
19:55:56,N457DM,+38.6758,-121.4002,10,0,75.79,0,0,0,0,0,0,0,0
19:55:57,N457DM,+38.6758,-121.4002,10,0,75.79,0,0,0,0,0,0,0,0
19:55:58,N457DM,+38.6758,-121.4002,10,0,75.79,0,0,0,0,0,0,0,0
19:55:59,N457DM,+38.6758,-121.4003,10,0,75.79,0,0,0,0,0,0,0,0
19:56:00,N457DM,+38.6758,-121.4003,10,0,76.11,0,0,0,0,0,0,0,0
19:56:01,N457DM,+38.6757,-121.4003,11,0,76.11,0,0,0,0,0,0,0,0
19:56:02,N457DM,+38.6757,-121.4003,11,0,76.44,0,0,0,0,0,0,0,0
19:56:03,N457DM,+38.6757,-121.4003,11,0,76.44,0,0,0,0,0,0,0,0
19:56:04,N457DM,+38.6756,-121.4003,12,0,76.44,0,0,0,0,0,0,0,0
19:56:05,N457DM,+38.6756,-121.4004,13,0,76.44,0,0,0,0,0,0,0,0
19:56:06,N457DM,+38.6755,-121.4004,15,0,76.11,0,0,0,0,0,0,0,0
19:56:07,N457DM,+38.6755,-121.4004,15,0,76.11,0,0,0,0,0,0,0,0
19:56:08,N457DM,+38.6755,-121.4004,16,0,76.11,0,0,0,0,0,0,0,0
19:56:09,N457DM,+38.6754,-121.4004,19,0,75.79,0,0,0,0,0,0,0,0
19:56:10,N457DM,+38.6754,-121.4004,21,0,75.79,0,0,0,0,0,0,0,0
19:56:11,N457DM,+38.6753,-121.4004,22,0,75.79,0,0,0,0,0,0,0,0
19:56:12,N457DM,+38.6752,-121.4004,26,0,75.79,0,0,0,0,0,0,0,0
19:56:13,N457DM,+38.6751,-121.4004,29,0,75.79,0,0,0,0,0,0,0,0
19:56:14,N457DM,+38.6750,-121.4004,33,0,75.46,0,0,0,0,0,0,0,0
19:56:15,N457DM,+38.6749,-121.4004,37,0,75.46,0,0,0,0,0,0,0,0
19:56:16,N457DM,+38.6748,-121.4004,41,0,75.46,0,0,0,0,0,0,0,0
19:56:17,N457DM,+38.6747,-121.4004,45,0,75.46,0,0,0,0,0,0,0,0
19:56:18,N457DM,+38.6746,-121.4004,49,0,75.13,0,0,0,0,0,0,0,0
19:56:19,N457DM,+38.6744,-121.4004,53,0,75.13,0,0,0,0,0,0,0,0
19:56:20,N457DM,+38.6743,-121.4004,57,0,74.80,0,0,0,0,0,0,0,0
19:56:21,N457DM,+38.6741,-121.4004,61,0,74.47,0,0,0,0,0,0,0,0
19:56:22,N457DM,+38.6739,-121.4004,66,0,74.15,0,0,0,0,0,0,0,0
19:56:23,N457DM,+38.6737,-121.4004,69,0,74.15,0,0,0,0,0,0,0,0
19:56:24,N457DM,+38.6735,-121.4004,73,0,73.82,0,0,0,0,0,0,0,0
19:56:25,N457DM,+38.6733,-121.4004,77,0,73.82,0,0,0,0,0,0,0,0
19:56:26,N457DM,+38.6731,-121.4004,80,0,73.49,0,0,0,0,0,0,0,0
19:56:27,N457DM,+38.6728,-121.4004,83,0,73.16,0,0,0,0,0,0,0,0
19:56:28,N457DM,+38.6726,-121.4004,86,0,73.82,0,0,0,0,0,0,0,0
19:56:29,N457DM,+38.6723,-121.4004,88,0,80.38,0,0,0,0,0,0,0,0
19:56:30,N457DM,+38.6721,-121.4004,89,0,92.52,0,0,0,0,0,0,0,0
19:56:31,N457DM,+38.6718,-121.4004,90,0,109.58,0,0,0,0,0,0,0,0
19:56:32,N457DM,+38.6716,-121.4004,90,0,127.62,0,0,0,0,0,0,0,0
19:56:33,N457DM,+38.6713,-121.4004,90,0,146.00,0,0,0,0,0,0,0,0
19:56:34,N457DM,+38.6711,-121.4004,91,0,166.01,0,0,0,0,0,0,0,0
19:56:35,N457DM,+38.6708,-121.4004,91,0,182.08,0,0,0,0,0,0,0,0
19:56:36,N457DM,+38.6706,-121.4004,91,0,194.22,0,0,0,0,0,0,0,0
19:56:37,N457DM,+38.6703,-121.4004,94,0,203.08,0,0,0,0,0,0,0,0
19:56:38,N457DM,+38.6700,-121.4004,95,0,210.63,0,0,0,0,0,0,0,0
19:56:39,N457DM,+38.6698,-121.4004,97,0,217.19,0,0,0,0,0,0,0,0
19:56:40,N457DM,+38.6695,-121.4004,98,0,222.11,0,0,0,0,0,0,0,0
19:56:41,N457DM,+38.6692,-121.4004,100,0,228.34,0,0,0,0,0,0,0,0
19:56:42,N457DM,+38.6686,-121.4004,104,0,232.28,0,0,0,0,0,0,0,0
19:56:43,N457DM,+38.6683,-121.4004,106,0,238.51,0,0,0,0,0,0,0,0
19:56:44,N457DM,+38.6680,-121.4004,107,0,243.76,0,0,0,0,0,0,0,0
19:56:45,N457DM,+38.6677,-121.4003,108,0,249.34,0,0,0,0,0,0,0,0
19:56:46,N457DM,+38.6674,-121.4003,111,0,256.56,0,0,0,0,0,0,0,0
19:56:47,N457DM,+38.6671,-121.4003,112,0,263.45,0,0,0,0,0,0,0,0
19:56:48,N457DM,+38.6668,-121.4003,113,0,273.62,0,0,0,0,0,0,0,0
19:56:49,N457DM,+38.6598,-121.4003,114,0,283.46,0,0,0,0,0,0,0,0
19:56:50,N457DM,+38.6595,-121.4003,115,0,293.63,0,0,0,0,0,0,0,0
19:56:51,N457DM,+38.6595,-121.4003,115,0,303.80,0,0,0,0,0,0,0,0
19:56:52,N457DM,+38.6588,-121.4003,116,0,318.89,0,0,0,0,0,0,0,0
19:56:53,N457DM,+38.6585,-121.4003,117,0,337.59,0,0,0,0,0,0,0,0
19:56:54,N457DM,+38.6582,-121.4003,117,0,356.95,0,0,0,0,0,0,0,0
19:56:55,N457DM,+38.6578,-121.4003,117,0,378.60,0,0,0,0,0,0,0,0
19:56:56,N457DM,+38.6575,-121.4003,118,0,401.90,0,0,0,0,0,0,0,0
19:56:57,N457DM,+38.6572,-121.4003,118,0,423.88,0,0,0,0,0,0,0,0
19:56:58,N457DM,+38.6569,-121.4002,118,0,443.56,0,0,0,0,0,0,0,0
19:56:59,N457DM,+38.6565,-121.4002,118,0,465.55,0,0,0,0,0,0,0,0
19:57:00,N457DM,+38.6562,-121.4002,118,0,484.57,0,0,0,0,0,0,0,0
19:57:01,N457DM,+38.6562,-121.4002,118,0,505.24,0,0,0,0,0,0,0,0
19:57:02,N457DM,+38.6555,-121.4002,117,0,530.83,0,0,0,0,0,0,0,0
19:57:03,N457DM,+38.6552,-121.4002,117,0,555.44,0,0,0,0,0,0,0,0
19:57:04,N457DM,+38.6549,-121.4002,117,0,581.03,0,0,0,0,0,0,0,0
19:57:05,N457DM,+38.6549,-121.4002,117,0,606.29,0,0,0,0,0,0,0,0
19:57:06,N457DM,+38.6542,-121.4002,116,0,631.55,0,0,0,0,0,0,0,0
19:57:07,N457DM,+38.6539,-121.4001,115,0,659.44,0,0,0,0,0,0,0,0
19:57:08,N457DM,+38.6539,-121.4001,115,0,688.64,0,0,0,0,0,0,0,0
19:57:09,N457DM,+38.6533,-121.4001,114,0,718.50,0,0,0,0,0,0,0,0
19:57:10,N457DM,+38.6530,-121.4000,114,0,748.02,0,0,0,0,0,0,0,0
19:57:11,N457DM,+38.6530,-121.4000,114,0,775.58,0,0,0,0,0,0,0,0
19:57:12,N457DM,+38.6523,-121.4000,115,0,800.84,0,0,0,0,0,0,0,0
19:57:13,N457DM,+38.6520,-121.4000,114,0,826.43,0,0,0,0,0,0,0,0
19:57:14,N457DM,+38.6517,-121.4001,114,0,854.65,0,0,0,0,0,0,0,0
19:57:15,N457DM,+38.6514,-121.4001,113,0,884.83,0,0,0,0,0,0,0,0
19:57:16,N457DM,+38.6511,-121.4001,112,0,914.69,0,0,0,0,0,0,0,0
19:57:17,N457DM,+38.6507,-121.4002,112,0,944.21,0,0,0,0,0,0,0,0
19:57:18,N457DM,+38.6504,-121.4002,112,0,972.10,0,0,0,0,0,0,0,0
19:57:19,N457DM,+38.6504,-121.4002,112,0,997.69,0,0,0,0,0,0,0,0
19:57:20,N457DM,+38.6432,-121.4004,112,0,1022.95,0,0,0,0,0,0,0,0
19:57:21,N457DM,+38.6428,-121.4004,112,0,1047.56,0,0,0,0,0,0,0,0
19:57:22,N457DM,+38.6428,-121.4004,112,0,1071.18,0,0,0,0,0,0,0,0
19:57:23,N457DM,+38.6422,-121.4006,111,0,1094.47,0,0,0,0,0,0,0,0
19:57:24,N457DM,+38.6419,-121.4007,111,0,1117.77,0,0,0,0,0,0,0,0
19:57:25,N457DM,+38.6419,-121.4007,111,0,1140.08,0,0,0,0,0,0,0,0
19:57:26,N457DM,+38.6413,-121.4008,110,0,1162.06,0,0,0,0,0,0,0,0
19:57:27,N457DM,+38.6410,-121.4009,110,0,1183.38,0,0,0,0,0,0,0,0
19:57:28,N457DM,+38.6410,-121.4009,110,0,1205.04,0,0,0,0,0,0,0,0
19:57:29,N457DM,+38.6404,-121.4011,110,0,1226.36,0,0,0,0,0,0,0,0
19:57:30,N457DM,+38.6401,-121.4012,110,0,1247.03,0,0,0,0,0,0,0,0
19:57:31,N457DM,+38.6401,-121.4012,110,0,1265.73,0,0,0,0,0,0,0,0
19:57:32,N457DM,+38.6395,-121.4013,109,0,1285.42,0,0,0,0,0,0,0,0
19:57:33,N457DM,+38.6395,-121.4013,109,0,1307.73,0,0,0,0,0,0,0,0
19:57:34,N457DM,+38.6392,-121.4014,109,0,1328.40,0,0,0,0,0,0,0,0
19:57:35,N457DM,+38.6387,-121.4016,108,0,1349.06,0,0,0,0,0,0,0,0
19:57:36,N457DM,+38.6387,-121.4016,108,0,1369.41,0,0,0,0,0,0,0,0
19:57:37,N457DM,+38.6384,-121.4017,108,0,1388.11,0,0,0,0,0,0,0,0
19:57:38,N457DM,+38.6378,-121.4019,107,0,1405.49,0,0,0,0,0,0,0,0
19:57:39,N457DM,+38.6378,-121.4019,107,0,1422.88,0,0,0,0,0,0,0,0
19:57:40,N457DM,+38.6375,-121.4020,107,0,1439.29,0,0,0,0,0,0,0,0
19:57:41,N457DM,+38.6369,-121.4021,107,0,1451.10,0,0,0,0,0,0,0,0
19:57:42,N457DM,+38.6369,-121.4021,107,0,1462.58,0,0,0,0,0,0,0,0
19:57:43,N457DM,+38.6366,-121.4022,107,0,1474.06,0,0,0,0,0,0,0,0
19:57:44,N457DM,+38.6360,-121.4024,108,0,1485.87,0,0,0,0,0,0,0,0
19:57:45,N457DM,+38.6360,-121.4024,108,0,1496.37,0,0,0,0,0,0,0,0
19:57:46,N457DM,+38.6357,-121.4025,109,0,1506.54,0,0,0,0,0,0,0,0
19:57:47,N457DM,+38.6354,-121.4026,109,0,1517.37,0,0,0,0,0,0,0,0
19:57:48,N457DM,+38.6352,-121.4027,109,0,1528.52,0,0,0,0,0,0,0,0
19:57:49,N457DM,+38.6346,-121.4029,110,0,1540.34,0,0,0,0,0,0,0,0
19:57:50,N457DM,+38.6346,-121.4029,110,0,1551.82,0,0,0,0,0,0,0,0
19:57:51,N457DM,+38.6343,-121.4030,110,0,1563.63,0,0,0,0,0,0,0,0
19:57:52,N457DM,+38.6337,-121.4032,111,0,1575.11,0,0,0,0,0,0,0,0
19:57:53,N457DM,+38.6337,-121.4032,111,0,1585.61,0,0,0,0,0,0,0,0
19:57:54,N457DM,+38.6334,-121.4033,111,0,1595.78,0,0,0,0,0,0,0,0
19:57:55,N457DM,+38.6261,-121.4035,111,0,1606.28,0,0,0,0,0,0,0,0
19:57:56,N457DM,+38.6261,-121.4035,111,0,1619.07,0,0,0,0,0,0,0,0
19:57:57,N457DM,+38.6258,-121.4036,111,0,1632.20,0,0,0,0,0,0,0,0
19:57:58,N457DM,+38.6252,-121.4038,111,0,1645.32,0,0,0,0,0,0,0,0
19:57:59,N457DM,+38.6252,-121.4038,111,0,1659.10,0,0,0,0,0,0,0,0
19:58:00,N457DM,+38.6249,-121.4039,111,0,1673.21,0,0,0,0,0,0,0,0
19:58:01,N457DM,+38.6246,-121.4040,111,0,1687.32,0,0,0,0,0,0,0,0
19:58:02,N457DM,+38.6243,-121.4040,111,0,1701.75,0,0,0,0,0,0,0,0
19:58:03,N457DM,+38.6240,-121.4041,110,0,1715.86,0,0,0,0,0,0,0,0
19:58:04,N457DM,+38.6237,-121.4042,110,0,1730.95,0,0,0,0,0,0,0,0
19:58:05,N457DM,+38.6234,-121.4043,110,0,1746.04,0,0,0,0,0,0,0,0
19:58:06,N457DM,+38.6231,-121.4043,109,0,1761.46,0,0,0,0,0,0,0,0
19:58:07,N457DM,+38.6228,-121.4044,108,0,1777.87,0,0,0,0,0,0,0,0
19:58:08,N457DM,+38.6225,-121.4045,108,0,1795.25,0,0,0,0,0,0,0,0
19:58:09,N457DM,+38.6222,-121.4045,107,0,1813.95,0,0,0,0,0,0,0,0
19:58:10,N457DM,+38.6219,-121.4045,105,0,1835.61,0,0,0,0,0,0,0,0
19:58:11,N457DM,+38.6216,-121.4046,104,0,1858.90,0,0,0,0,0,0,0,0
19:58:12,N457DM,+38.6213,-121.4046,102,0,1882.85,0,0,0,0,0,0,0,0
19:58:13,N457DM,+38.6210,-121.4046,101,0,1906.14,0,0,0,0,0,0,0,0
19:58:14,N457DM,+38.6208,-121.4046,99,0,1930.42,0,0,0,0,0,0,0,0
19:58:15,N457DM,+38.6205,-121.4046,97,0,1955.03,0,0,0,0,0,0,0,0
19:58:16,N457DM,+38.6202,-121.4046,95,0,1979.96,0,0,0,0,0,0,0,0
19:58:17,N457DM,+38.6200,-121.4045,93,0,2005.55,0,0,0,0,0,0,0,0
19:58:18,N457DM,+38.6197,-121.4044,91,0,2030.16,0,0,0,0,0,0,0,0
19:58:19,N457DM,+38.6195,-121.4044,89,0,2054.77,0,0,0,0,0,0,0,0
19:58:20,N457DM,+38.6193,-121.4043,88,0,2078.39,0,0,0,0,0,0,0,0
19:58:21,N457DM,+38.6190,-121.4042,87,0,2100.70,0,0,0,0,0,0,0,0
19:58:22,N457DM,+38.6188,-121.4041,87,0,2120.38,0,0,0,0,0,0,0,0
19:58:23,N457DM,+38.6186,-121.4040,88,0,2136.79,0,0,0,0,0,0,0,0
19:58:24,N457DM,+38.6183,-121.4040,89,0,2151.55,0,0,0,0,0,0,0,0
19:58:25,N457DM,+38.6181,-121.4039,90,0,2169.26,0,0,0,0,0,0,0,0
19:58:26,N457DM,+38.6178,-121.4039,91,0,2191.90,0,0,0,0,0,0,0,0
19:58:27,N457DM,+38.6175,-121.4040,93,0,2216.51,0,0,0,0,0,0,0,0
19:58:28,N457DM,+38.6170,-121.4041,95,0,2242.10,0,0,0,0,0,0,0,0
19:58:29,N457DM,+38.6168,-121.4042,94,0,2269.66,0,0,0,0,0,0,0,0
19:58:30,N457DM,+38.6099,-121.4043,93,0,2299.51,0,0,0,0,0,0,0,0
19:58:31,N457DM,+38.6096,-121.4044,90,0,2331.66,0,0,0,0,0,0,0,0
19:58:32,N457DM,+38.6094,-121.4045,87,0,2362.18,0,0,0,0,0,0,0,0
19:58:33,N457DM,+38.6091,-121.4045,84,0,2390.06,0,0,0,0,0,0,0,0
19:58:34,N457DM,+38.6089,-121.4045,81,0,2417.62,0,0,0,0,0,0,0,0
19:58:35,N457DM,+38.6087,-121.4045,78,0,2444.52,0,0,0,0,0,0,0,0
19:58:36,N457DM,+38.6085,-121.4044,76,0,2470.44,0,0,0,0,0,0,0,0
19:58:37,N457DM,+38.6083,-121.4043,74,0,2494.39,0,0,0,0,0,0,0,0
19:58:38,N457DM,+38.6081,-121.4042,73,0,2515.06,0,0,0,0,0,0,0,0
19:58:39,N457DM,+38.6081,-121.4042,73,0,2533.43,0,0,0,0,0,0,0,0
19:58:40,N457DM,+38.6078,-121.4039,74,0,2549.18,0,0,0,0,0,0,0,0
19:58:41,N457DM,+38.6076,-121.4037,75,0,2564.27,0,0,0,0,0,0,0,0
19:58:42,N457DM,+38.6075,-121.4035,76,0,2576.41,0,0,0,0,0,0,0,0
19:58:43,N457DM,+38.6074,-121.4033,78,0,2584.94,0,0,0,0,0,0,0,0
19:58:44,N457DM,+38.6073,-121.4030,80,0,2592.16,0,0,0,0,0,0,0,0
19:58:45,N457DM,+38.6072,-121.4027,82,0,2598.39,0,0,0,0,0,0,0,0
19:58:46,N457DM,+38.6071,-121.4025,85,0,2603.31,0,0,0,0,0,0,0,0
19:58:47,N457DM,+38.6071,-121.4021,88,0,2608.24,0,0,0,0,0,0,0,0
19:58:48,N457DM,+38.6070,-121.4018,90,0,2612.50,0,0,0,0,0,0,0,0
19:58:49,N457DM,+38.6070,-121.4015,93,0,2615.78,0,0,0,0,0,0,0,0
19:58:50,N457DM,+38.6070,-121.4012,97,0,2617.75,0,0,0,0,0,0,0,0
19:58:51,N457DM,+38.6070,-121.4008,100,0,2620.37,0,0,0,0,0,0,0,0
19:58:52,N457DM,+38.6070,-121.4004,104,0,2623.33,0,0,0,0,0,0,0,0
19:58:53,N457DM,+38.6071,-121.4001,108,0,2626.94,0,0,0,0,0,0,0,0
19:58:54,N457DM,+38.6071,-121.3930,111,0,2631.20,0,0,0,0,0,0,0,0
19:58:55,N457DM,+38.6072,-121.3926,115,0,2635.47,0,0,0,0,0,0,0,0
19:58:56,N457DM,+38.6073,-121.3922,119,0,2640.06,0,0,0,0,0,0,0,0
19:58:57,N457DM,+38.6075,-121.3918,122,0,2647.28,0,0,0,0,0,0,0,0
19:58:58,N457DM,+38.6076,-121.3914,126,0,2654.82,0,0,0,0,0,0,0,0
19:58:59,N457DM,+38.6076,-121.3914,126,0,2661.38,0,0,0,0,0,0,0,0
19:59:00,N457DM,+38.6080,-121.3906,132,0,2668.60,0,0,0,0,0,0,0,0
19:59:01,N457DM,+38.6080,-121.3906,132,0,2676.80,0,0,0,0,0,0,0,0
19:59:02,N457DM,+38.6084,-121.3898,139,0,2686.32,0,0,0,0,0,0,0,0
19:59:03,N457DM,+38.6087,-121.3894,142,0,2697.47,0,0,0,0,0,0,0,0
19:59:04,N457DM,+38.6090,-121.3891,145,0,2709.94,0,0,0,0,0,0,0,0
19:59:05,N457DM,+38.6093,-121.3887,147,0,2724.38,0,0,0,0,0,0,0,0
19:59:06,N457DM,+38.6096,-121.3884,149,0,2739.14,0,0,0,0,0,0,0,0
19:59:07,N457DM,+38.6099,-121.3880,151,0,2754.56,0,0,0,0,0,0,0,0
19:59:08,N457DM,+38.6169,-121.3877,152,0,2771.29,0,0,0,0,0,0,0,0
19:59:09,N457DM,+38.6169,-121.3877,152,0,2789.34,0,0,0,0,0,0,0,0
19:59:10,N457DM,+38.6176,-121.3870,154,0,2807.05,0,0,0,0,0,0,0,0
19:59:11,N457DM,+38.6176,-121.3870,154,0,2825.10,0,0,0,0,0,0,0,0
19:59:12,N457DM,+38.6183,-121.3864,154,0,2842.81,0,0,0,0,0,0,0,0
19:59:13,N457DM,+38.6187,-121.3861,155,0,2860.20,0,0,0,0,0,0,0,0
19:59:14,N457DM,+38.6187,-121.3861,155,0,2877.26,0,0,0,0,0,0,0,0
19:59:15,N457DM,+38.6194,-121.3855,155,0,2893.67,0,0,0,0,0,0,0,0
19:59:16,N457DM,+38.6197,-121.3852,155,0,2910.07,0,0,0,0,0,0,0,0
19:59:17,N457DM,+38.6197,-121.3852,155,0,2925.82,0,0,0,0,0,0,0,0
19:59:18,N457DM,+38.6205,-121.3846,156,0,2941.57,0,0,0,0,0,0,0,0
19:59:19,N457DM,+38.6208,-121.3843,156,0,2956.66,0,0,0,0,0,0,0,0
19:59:20,N457DM,+38.6208,-121.3843,156,0,2971.75,0,0,0,0,0,0,0,0
19:59:21,N457DM,+38.6216,-121.3837,157,0,2986.18,0,0,0,0,0,0,0,0
19:59:22,N457DM,+38.6220,-121.3834,157,0,2999.64,0,0,0,0,0,0,0,0
19:59:23,N457DM,+38.6220,-121.3834,157,0,3012.10,0,0,0,0,0,0,0,0
19:59:24,N457DM,+38.6227,-121.3761,157,0,3023.91,0,0,0,0,0,0,0,0
19:59:25,N457DM,+38.6227,-121.3761,157,0,3034.74,0,0,0,0,0,0,0,0
19:59:26,N457DM,+38.6231,-121.3758,157,0,3046.88,0,0,0,0,0,0,0,0
19:59:27,N457DM,+38.6238,-121.3752,158,0,3059.02,0,0,0,0,0,0,0,0
19:59:28,N457DM,+38.6238,-121.3752,158,0,3071.16,0,0,0,0,0,0,0,0
19:59:29,N457DM,+38.6246,-121.3747,158,0,3082.97,0,0,0,0,0,0,0,0
19:59:30,N457DM,+38.6249,-121.3743,158,0,3094.78,0,0,0,0,0,0,0,0
19:59:31,N457DM,+38.6249,-121.3743,158,0,3106.59,0,0,0,0,0,0,0,0
19:59:32,N457DM,+38.6257,-121.3737,158,0,3118.73,0,0,0,0,0,0,0,0
19:59:33,N457DM,+38.6260,-121.3734,159,0,3130.87,0,0,0,0,0,0,0,0
19:59:34,N457DM,+38.6260,-121.3734,159,0,3143.66,0,0,0,0,0,0,0,0
19:59:35,N457DM,+38.6335,-121.3728,159,0,3156.13,0,0,0,0,0,0,0,0
19:59:36,N457DM,+38.6338,-121.3725,159,0,3168.27,0,0,0,0,0,0,0,0
19:59:37,N457DM,+38.6338,-121.3725,159,0,3180.74,0,0,0,0,0,0,0,0
19:59:38,N457DM,+38.6346,-121.3719,160,0,3192.55,0,0,0,0,0,0,0,0
19:59:39,N457DM,+38.6346,-121.3719,160,0,3204.69,0,0,0,0,0,0,0,0
19:59:40,N457DM,+38.6350,-121.3716,160,0,3216.82,0,0,0,0,0,0,0,0
19:59:41,N457DM,+38.6357,-121.3710,161,0,3229.29,0,0,0,0,0,0,0,0
19:59:42,N457DM,+38.6357,-121.3710,161,0,3242.74,0,0,0,0,0,0,0,0
19:59:43,N457DM,+38.6361,-121.3707,161,0,3255.54,0,0,0,0,0,0,0,0
19:59:44,N457DM,+38.6369,-121.3701,161,0,3268.99,0,0,0,0,0,0,0,0
19:59:45,N457DM,+38.6369,-121.3701,161,0,3283.10,0,0,0,0,0,0,0,0
19:59:46,N457DM,+38.6373,-121.3698,162,0,3296.88,0,0,0,0,0,0,0,0
19:59:47,N457DM,+38.6380,-121.3692,162,0,3310.00,0,0,0,0,0,0,0,0
19:59:48,N457DM,+38.6380,-121.3692,162,0,3322.79,0,0,0,0,0,0,0,0
19:59:49,N457DM,+38.6384,-121.3689,162,0,3334.93,0,0,0,0,0,0,0,0
19:59:50,N457DM,+38.6392,-121.3683,163,0,3345.76,0,0,0,0,0,0,0,0
19:59:51,N457DM,+38.6392,-121.3683,163,0,3356.91,0,0,0,0,0,0,0,0
19:59:52,N457DM,+38.6396,-121.3680,163,0,3367.74,0,0,0,0,0,0,0,0
19:59:53,N457DM,+38.6400,-121.3677,164,0,3378.24,0,0,0,0,0,0,0,0
19:59:54,N457DM,+38.6403,-121.3674,164,0,3388.74,0,0,0,0,0,0,0,0
19:59:55,N457DM,+38.6407,-121.3670,164,0,3399.89,0,0,0,0,0,0,0,0
19:59:56,N457DM,+38.6411,-121.3667,165,0,3411.38,0,0,0,0,0,0,0,0
19:59:57,N457DM,+38.6415,-121.3598,165,0,3422.86,0,0,0,0,0,0,0,0
19:59:58,N457DM,+38.6419,-121.3595,165,0,3434.01,0,0,0,0,0,0,0,0
19:59:59,N457DM,+38.6423,-121.3591,165,0,3445.50,0,0,0,0,0,0,0,0
20:00:00,N457DM,+38.6427,-121.3588,165,0,3455.99,0,0,0,0,0,0,0,0
20:00:01,N457DM,+38.6431,-121.3585,165,0,3464.85,0,0,0,0,0,0,0,0
20:00:02,N457DM,+38.6501,-121.3582,164,0,3474.04,0,0,0,0,0,0,0,0
20:00:03,N457DM,+38.6505,-121.3578,164,0,3482.57,0,0,0,0,0,0,0,0
20:00:04,N457DM,+38.6509,-121.3575,163,0,3491.43,0,0,0,0,0,0,0,0
20:00:05,N457DM,+38.6512,-121.3571,162,0,3500.61,0,0,0,0,0,0,0,0
20:00:06,N457DM,+38.6516,-121.3568,162,0,3511.11,0,0,0,0,0,0,0,0
20:00:07,N457DM,+38.6519,-121.3564,161,0,3522.27,0,0,0,0,0,0,0,0
20:00:08,N457DM,+38.6523,-121.3561,161,0,3533.75,0,0,0,0,0,0,0,0
20:00:09,N457DM,+38.6526,-121.3557,161,0,3545.89,0,0,0,0,0,0,0,0
20:00:10,N457DM,+38.6530,-121.3554,160,0,3559.01,0,0,0,0,0,0,0,0
20:00:11,N457DM,+38.6533,-121.3550,160,0,3575.09,0,0,0,0,0,0,0,0
20:00:12,N457DM,+38.6540,-121.3543,158,0,3592.48,0,0,0,0,0,0,0,0
20:00:13,N457DM,+38.6543,-121.3539,158,0,3610.19,0,0,0,0,0,0,0,0
20:00:14,N457DM,+38.6546,-121.3535,157,0,3629.22,0,0,0,0,0,0,0,0
20:00:15,N457DM,+38.6550,-121.3532,156,0,3648.25,0,0,0,0,0,0,0,0
20:00:16,N457DM,+38.6553,-121.3528,156,0,3667.93,0,0,0,0,0,0,0,0
20:00:17,N457DM,+38.6556,-121.3524,155,0,3687.62,0,0,0,0,0,0,0,0
20:00:18,N457DM,+38.6560,-121.3521,155,0,3707.96,0,0,0,0,0,0,0,0
20:00:19,N457DM,+38.6563,-121.3517,154,0,3728.63,0,0,0,0,0,0,0,0
20:00:20,N457DM,+38.6566,-121.3514,154,0,3749.30,0,0,0,0,0,0,0,0
20:00:21,N457DM,+38.6569,-121.3510,154,0,3770.62,0,0,0,0,0,0,0,0
20:00:22,N457DM,+38.6573,-121.3507,154,0,3791.29,0,0,0,0,0,0,0,0
20:00:23,N457DM,+38.6576,-121.3503,153,0,3811.96,0,0,0,0,0,0,0,0
20:00:24,N457DM,+38.6579,-121.3433,153,0,3832.96,0,0,0,0,0,0,0,0
20:00:25,N457DM,+38.6582,-121.3429,153,0,3853.96,0,0,0,0,0,0,0,0
20:00:26,N457DM,+38.6586,-121.3426,152,0,3875.61,0,0,0,0,0,0,0,0
20:00:27,N457DM,+38.6589,-121.3422,152,0,3896.61,0,0,0,0,0,0,0,0
20:00:28,N457DM,+38.6592,-121.3419,152,0,3917.60,0,0,0,0,0,0,0,0
20:00:29,N457DM,+38.6595,-121.3416,151,0,3938.60,0,0,0,0,0,0,0,0
20:00:30,N457DM,+38.6599,-121.3412,151,0,3959.60,0,0,0,0,0,0,0,0
20:00:31,N457DM,+38.6669,-121.3409,151,0,3980.27,0,0,0,0,0,0,0,0
20:00:32,N457DM,+38.6672,-121.3405,151,0,4000.94,0,0,0,0,0,0,0,0
20:00:33,N457DM,+38.6675,-121.3402,151,0,4020.95,0,0,0,0,0,0,0,0
20:00:34,N457DM,+38.6678,-121.3398,151,0,4039.98,0,0,0,0,0,0,0,0
20:00:35,N457DM,+38.6682,-121.3395,151,0,4058.35,0,0,0,0,0,0,0,0
20:00:36,N457DM,+38.6685,-121.3392,151,0,4076.39,0,0,0,0,0,0,0,0
20:00:37,N457DM,+38.6688,-121.3388,151,0,4094.11,0,0,0,0,0,0,0,0
20:00:38,N457DM,+38.6691,-121.3385,150,0,4111.50,0,0,0,0,0,0,0,0
20:00:39,N457DM,+38.6695,-121.3382,150,0,4128.56,0,0,0,0,0,0,0,0
20:00:40,N457DM,+38.6695,-121.3382,150,0,4144.96,0,0,0,0,0,0,0,0
20:00:41,N457DM,+38.6701,-121.3375,151,0,4160.71,0,0,0,0,0,0,0,0
20:00:42,N457DM,+38.6704,-121.3371,151,0,4175.47,0,0,0,0,0,0,0,0
20:00:43,N457DM,+38.6708,-121.3368,151,0,4191.22,0,0,0,0,0,0,0,0
20:00:44,N457DM,+38.6711,-121.3365,151,0,4205.66,0,0,0,0,0,0,0,0
20:00:45,N457DM,+38.6714,-121.3361,151,0,4220.09,0,0,0,0,0,0,0,0
20:00:46,N457DM,+38.6717,-121.3358,152,0,4234.20,0,0,0,0,0,0,0,0
20:00:47,N457DM,+38.6721,-121.3354,152,0,4248.31,0,0,0,0,0,0,0,0
20:00:48,N457DM,+38.6724,-121.3351,152,0,4262.09,0,0,0,0,0,0,0,0
20:00:49,N457DM,+38.6727,-121.3347,152,0,4275.87,0,0,0,0,0,0,0,0
20:00:50,N457DM,+38.6730,-121.3344,153,0,4289.65,0,0,0,0,0,0,0,0
20:00:51,N457DM,+38.6730,-121.3344,153,0,4302.77,0,0,0,0,0,0,0,0
20:00:52,N457DM,+38.6737,-121.3337,153,0,4315.89,0,0,0,0,0,0,0,0
20:00:53,N457DM,+38.6740,-121.3267,154,0,4329.02,0,0,0,0,0,0,0,0
20:00:54,N457DM,+38.6743,-121.3263,154,0,4342.14,0,0,0,0,0,0,0,0
20:00:55,N457DM,+38.6747,-121.3259,154,0,4355.59,0,0,0,0,0,0,0,0
20:00:55,N457DM,+38.6747,-121.3259,154,0,4355.59,0,0,0,0,0,0,0,0
